-,-,-
-183, -1060, 413
-107, -1103, 281
-243, -1253, 164
-318, -1319, 143
-314, -1298, 101
-344, -1371, 230
-359, -1357, 389
-312, -1333, 381
-342, -1410, 216
-336, -1375, 230
-303, -1335, 290
-343, -1370, 319
-339, -1370, 287
-339, -1343, 287
-292, -1238, 235
-263, -1164, 170
-284, -1153, 112
-300, -1082, 147
-303, -1042, 212
-273, -961, 190
-229, -850, 165
-239, -785, 57
-333, -851, 39
-413, -886, -31
-389, -762, 42
-269, -617, 50
-168, -570, -50
-96, -568, -96
-88, -608, -120
-88, -608, -120
-60, -604, -124
-25, -661, -91
-34, -742, -62
5, -732, -39
52, -708, -47
37, -808, 0
37, -808, 0
-21, -953, -26
5, -918, -65
97, -835, -14
125, -789, -15
125, -789, -15
147, -783, 17
165, -786, -3
152, -792, -8
192, -710, 48
256, -576, 8
256, -576, 8
323, -427, -24
444, -314, 27
479, -338, 103
437, -415, 83
437, -413, 154
437, -413, 154
451, -335, 220
551, -243, 338
640, -264, 424
656, -356, 413
538, -504, 419
408, -681, 461
353, -749, 463
353, -749, 463
383, -792, 512
328, -907, 659
101, -1232, 626
-92, -1389, 522
-137, -1538, 494
-237, -1717, 514
-235, -1769, 385
-188, -1772, 366
-99, -1689, 461
-45, -1593, 397
-,-,-
-201, -914, 399
-193, -922, 503
-211, -928, 387
-183, -954, 339
-183, -954, 339
-202, -1051, 299
-281, -1182, 317
-324, -1283, 470
-325, -1330, 496
-388, -1424, 451
-427, -1489, 455
-431, -1490, 513
-470, -1471, 589
-454, -1400, 569
-400, -1293, 518
-403, -1256, 493
-420, -1198, 429
-377, -1122, 390
-360, -1092, 361
-340, -1014, 345
-283, -915, 362
-279, -925, 403
-361, -1011, 386
-376, -949, 252
-316, -796, 119
-243, -652, 152
-180, -592, 187
-185, -598, 185
-186, -600, 181
-169, -620, 129
-110, -590, 83
-110, -590, 83
-68, -586, 109
-67, -692, 238
-56, -734, 231
-1, -674, 160
56, -628, 171
140, -583, 214
140, -583, 214
140, -638, 244
139, -646, 228
174, -612, 192
242, -541, 167
315, -521, 199
292, -561, 247
254, -582, 215
254, -582, 215
254, -568, 142
299, -531, 201
382, -497, 295
366, -573, 295
261, -702, 264
217, -750, 176
265, -687, 186
265, -687, 186
319, -666, 318
308, -754, 454
251, -874, 406
218, -939, 376
213, -971, 404
227, -936, 580
293, -876, 621
293, -876, 621
326, -912, 644
335, -972, 543
310, -1009, 602
248, -1124, 726
244, -1209, 807
-,-,-
-103, -916, 543
-103, -916, 583
-57, -940, 583
-115, -1050, 673
-202, -1188, 679
-255, -1274, 567
-305, -1330, 557
-370, -1390, 680
-426, -1415, 710
-432, -1361, 663
-400, -1261, 571
-385, -1187, 532
-382, -1129, 512
-386, -1085, 515
-382, -1027, 514
-354, -974, 479
-336, -962, 444
-332, -957, 467
-318, -970, 409
-318, -971, 291
-312, -990, 306
-336, -1028, 353
-285, -930, 305
-227, -853, 377
-181, -802, 314
-164, -760, 230
-164, -760, 230
-178, -779, 211
-138, -742, 195
-65, -668, 141
-39, -660, 74
-33, -704, 136
-13, -736, 180
22, -709, 108
69, -645, 115
69, -645, 115
132, -590, 140
136, -635, 158
102, -703, 199
120, -674, 122
166, -613, 126
238, -578, 139
238, -578, 139
240, -601, 74
231, -596, 81
242, -511, 157
238, -446, 244
226, -544, 307
113, -813, 320
113, -813, 320
68, -918, 74
203, -738, -19
373, -594, 90
370, -719, 294
242, -910, 394
259, -886, 391
259, -886, 391
439, -699, 425
501, -623, 475
440, -697, 542
388, -812, 703
413, -782, 672
483, -626, 520
498, -582, 509
498, -582, 509
398, -769, 561
433, -788, 592
455, -708, 642
414, -833, 724
378, -974, 772
391, -953, 695
414, -841, 721
414, -841, 721
442, -830, 879
369, -929, 928
-,-,-
11, -858, 695
16, -959, 461
-9, -986, 434
-9, -986, 434
-67, -1106, 562
-95, -1177, 539
-67, -1139, 551
-55, -1147, 603
-111, -1274, 666
-148, -1345, 692
-183, -1341, 669
-211, -1314, 732
-213, -1261, 767
-224, -1205, 741
-238, -1158, 745
-266, -1113, 652
-270, -1054, 555
-213, -922, 553
-196, -860, 546
-227, -878, 550
-247, -894, 477
-275, -914, 370
-275, -914, 370
-300, -898, 337
-303, -873, 377
-262, -836, 359
-302, -899, 388
-326, -924, 382
-287, -845, 280
-246, -781, 152
-187, -703, 162
-156, -672, 188
-107, -634, 125
-52, -605, 36
-50, -630, 49
-50, -630, 49
-21, -594, 72
57, -548, 162
99, -565, 160
69, -618, 85
69, -618, 85
71, -615, 170
121, -567, 212
153, -495, 194
180, -433, 203
201, -415, 191
201, -415, 191
262, -420, 198
315, -456, 62
322, -505, -64
309, -599, 130
338, -639, 374
391, -593, 352
457, -522, 384
457, -522, 384
406, -619, 514
365, -669, 602
375, -680, 655
374, -661, 553
374, -638, 607
390, -729, 710
495, -707, 598
495, -707, 598
565, -638, 627
532, -811, 758
431, -1023, 833
413, -991, 913
384, -976, 871
453, -967, 820
550, -1001, 932
-,-,-
-37, -918, 714
-42, -1039, 534
-42, -1039, 534
-102, -1075, 399
-105, -1121, 506
-124, -1156, 628
-150, -1205, 774
-183, -1291, 876
-218, -1348, 761
-181, -1318, 701
-142, -1283, 646
-149, -1257, 688
-132, -1182, 737
-131, -1116, 649
-166, -1134, 618
-180, -1112, 567
-196, -1093, 554
-190, -1044, 551
-204, -1006, 506
-228, -991, 437
-223, -938, 412
-219, -930, 324
-182, -890, 269
-129, -770, 313
-82, -668, 254
-62, -625, 150
-76, -617, 172
-76, -617, 172
-71, -612, 201
-31, -619, 114
-5, -627, 44
48, -585, 81
115, -535, 129
115, -535, 129
149, -551, 124
115, -632, 97
108, -652, 87
133, -623, 176
187, -572, 147
206, -542, 136
249, -542, 184
249, -557, 184
293, -600, 172
256, -676, 193
263, -621, 201
361, -512, 175
474, -484, 160
474, -531, 139
405, -637, 257
405, -637, 257
373, -715, 332
373, -677, 432
466, -559, 469
522, -559, 424
397, -719, 474
329, -732, 404
352, -649, 470
352, -649, 470
569, -517, 551
548, -660, 551
365, -844, 644
391, -800, 628
422, -724, 633
378, -765, 690
376, -863, 751
376, -863, 751
425, -1003, 833
408, -1104, 854
-,-,-
84, -949, 681
33, -1019, 501
12, -1087, 440
-58, -1159, 572
-68, -1130, 757
-128, -1196, 762
-152, -1263, 700
-175, -1257, 610
-145, -1218, 615
-183, -1248, 781
-230, -1303, 766
-219, -1237, 692
-172, -1153, 630
-182, -1124, 573
-182, -1124, 573
-180, -1046, 660
-146, -992, 644
-153, -987, 556
-169, -939, 447
-162, -897, 397
-168, -870, 449
-131, -778, 456
-129, -720, 336
-125, -683, 294
-97, -691, 356
-94, -721, 279
-72, -706, 134
0, -660, 143
0, -660, 143
70, -615, 190
86, -629, 258
82, -676, 203
103, -705, 148
103, -705, 148
127, -688, 47
132, -652, 60
165, -593, 115
166, -649, 177
137, -738, 188
172, -678, 60
172, -678, 60
261, -554, -13
332, -466, -17
349, -465, -7
364, -457, 25
410, -406, 88
410, -406, 88
392, -459, 55
305, -572, 28
285, -612, 148
377, -588, 318
416, -570, 361
389, -642, 318
389, -642, 318
360, -699, 289
321, -757, 321
330, -712, 468
374, -619, 535
408, -570, 559
368, -659, 521
270, -799, 568
270, -799, 568
276, -862, 660
315, -908, 751
249, -1049, 786
162, -1132, 787
168, -1105, 816
277, -976, 830
326, -975, 947
272, -1051, 1033
234, -1106, 1035
229, -1092, 1107
201, -1090, 1150
-,-,-
84, -803, 649
116, -842, 637
109, -877, 676
69, -978, 593
69, -978, 593
70, -1012, 543
22, -1117, 697
-129, -1330, 801
-232, -1445, 850
-241, -1407, 908
-259, -1389, 874
-303, -1395, 835
-307, -1324, 775
-270, -1192, 716
-238, -1088, 697
-209, -1011, 685
-254, -1040, 599
-284, -1031, 598
-275, -964, 614
-338, -991, 545
-325, -920, 511
-229, -770, 478
-169, -679, 337
-160, -670, 247
-160, -670, 247
-125, -606, 193
-16, -464, 209
52, -390, 127
66, -383, 92
108, -362, 126
184, -334, 59
192, -380, -12
192, -380, -12
169, -440, 9
157, -519, 112
186, -511, 132
238, -442, 93
304, -365, 77
304, -365, 77
390, -319, 25
374, -389, 56
312, -478, 171
317, -497, 277
367, -492, 359
414, -469, 281
414, -469, 281
379, -565, 200
294, -711, 311
274, -803, 480
350, -759, 511
339, -790, 648
429, -753, 766
332, -912, 713
332, -912, 713
281, -982, 609
339, -938, 722
393, -831, 858
371, -791, 811
359, -778, 755
429, -795, 776
399, -891, 798
-,-,-
-13, -903, 603
-93, -1018, 580
-91, -1068, 553
-97, -1080, 637
-129, -1101, 726
-189, -1225, 625
-201, -1250, 630
-190, -1221, 708
-199, -1203, 732
-241, -1228, 717
-237, -1214, 755
-264, -1204, 840
-345, -1218, 861
-384, -1191, 786
-357, -1132, 745
-338, -1049, 716
-338, -988, 635
-301, -921, 556
-270, -860, 486
-291, -858, 403
-291, -858, 403
-309, -830, 401
-303, -775, 401
-254, -715, 268
-162, -596, 209
-147, -587, 170
-189, -669, 75
-216, -712, 93
-157, -603, 210
-40, -465, 149
13, -417, 19
13, -417, 19
-16, -512, -10
-48, -596, -22
-20, -583, -15
49, -526, -20
116, -469, -15
116, -469, -15
166, -475, 15
180, -521, 18
201, -538, 48
235, -521, 90
223, -546, 149
245, -536, 190
245, -536, 190
354, -479, 210
397, -438, 210
437, -389, 212
495, -358, 225
488, -437, 317
367, -606, 451
312, -692, 565
312, -692, 565
397, -636, 545
411, -709, 700
494, -762, 648
377, -937, 764
375, -947, 971
394, -896, 1043
379, -851, 1037
382, -875, 1005
382, -875, 1005
336, -952, 1013
299, -969, 906
279, -1027, 933
-,-,-
62, -862, 715
119, -934, 693
76, -1017, 571
63, -1057, 633
60, -1121, 700
60, -1121, 700
-35, -1277, 818
-109, -1336, 915
-160, -1372, 930
-272, -1445, 890
-371, -1427, 947
-433, -1338, 948
-448, -1203, 840
-467, -1103, 634
-443, -964, 564
-393, -857, 513
-361, -840, 431
-313, -781, 391
-275, -780, 330
-266, -831, 282
-235, -830, 326
-208, -822, 390
-179, -809, 425
-179, -848, 389
-145, -825, 363
-145, -825, 363
-64, -696, 328
-45, -658, 259
-50, -712, 194
-22, -711, 191
14, -643, 163
38, -589, 126
94, -539, 43
94, -539, 43
154, -500, -26
164, -508, -6
164, -528, 46
195, -520, 79
195, -520, 79
215, -501, 85
260, -486, 69
267, -504, 21
277, -482, 13
305, -425, 167
305, -425, 167
358, -440, 315
363, -530, 229
355, -557, 56
425, -426, -13
522, -301, 7
522, -301, 7
539, -335, -2
453, -452, 112
422, -571, 351
389, -651, 368
390, -591, 485
417, -587, 672
417, -587, 672
549, -501, 822
507, -584, 745
394, -797, 893
335, -1043, 1057
275, -1295, 1085
293, -1299, 1132
379, -1142, 1218
-,-,-
-3, -893, 595
1, -964, 585
-37, -995, 619
-37, -995, 619
-20, -1023, 693
-48, -1106, 697
-96, -1205, 764
-122, -1279, 778
-147, -1299, 710
-137, -1280, 749
-135, -1279, 817
-150, -1292, 836
-174, -1294, 823
-188, -1262, 762
-205, -1198, 746
-246, -1176, 694
-331, -1193, 607
-424, -1178, 584
-431, -1080, 581
-378, -904, 488
-365, -823, 348
-347, -765, 299
-340, -753, 237
-353, -757, 162
-345, -739, 148
-345, -739, 148
-289, -679, 200
-185, -572, 196
-85, -488, 134
-50, -507, 140
-36, -557, 109
30, -520, 26
112, -449, 53
142, -483, 47
142, -483, 47
126, -575, 36
93, -653, 17
95, -634, 29
194, -540, 75
194, -540, 75
330, -391, 64
429, -305, 26
396, -365, -34
322, -418, 70
373, -418, 196
373, -406, 196
446, -395, 220
422, -475, 126
323, -606, 131
275, -662, 266
318, -674, 383
389, -592, 445
377, -626, 387
377, -626, 387
305, -757, 447
260, -840, 518
227, -854, 626
396, -633, 691
441, -654, 736
413, -791, 754
403, -792, 706
403, -792, 706
462, -704, 817
535, -747, 848
546, -860, 936
515, -918, 1091
485, -1024, 1174
440, -1211, 1313
-,-,-
-52, -828, 601
-32, -910, 605
-65, -1066, 504
-141, -1262, 491
-235, -1425, 606
-270, -1498, 835
-301, -1559, 968
-317, -1550, 951
-313, -1525, 911
-310, -1438, 909
-284, -1339, 856
-277, -1262, 761
-246, -1143, 743
-159, -948, 693
-65, -784, 627
-61, -753, 449
-182, -862, 387
-182, -862, 387
-276, -888, 455
-335, -874, 401
-346, -779, 286
-271, -561, 194
-221, -426, 89
-203, -406, -74
-192, -438, -78
-133, -460, -88
-73, -465, -174
-38, -499, -248
-31, -591, -146
5, -635, -32
5, -635, -32
61, -608, 40
116, -619, 74
151, -627, 77
152, -673, 237
152, -673, 237
176, -677, 231
192, -686, 120
262, -583, 101
328, -472, 103
403, -429, 141
432, -467, 218
472, -453, 199
472, -453, 199
457, -451, 193
436, -480, 220
409, -504, 242
412, -534, 354
412, -631, 412
392, -649, 429
384, -651, 549
384, -651, 549
409, -626, 581
378, -667, 625
531, -526, 708
534, -544, 790
406, -736, 781
315, -813, 767
358, -740, 807
358, -740, 807
459, -681, 801
430, -793, 839
267, -964, 984
243, -1071, 1034
272, -1134, 1044
284, -1203, 1112
-,-,-
44, -861, 563
101, -934, 534
44, -1005, 480
32, -1065, 617
-6, -1173, 701
-6, -1173, 701
-61, -1285, 722
-69, -1319, 696
-75, -1314, 705
-115, -1334, 757
-167, -1356, 777
-220, -1385, 770
-321, -1423, 783
-399, -1381, 801
-384, -1270, 721
-358, -1141, 571
-334, -1037, 527
-302, -928, 415
-322, -947, 362
-323, -907, 373
-296, -818, 318
-267, -797, 312
-219, -738, 360
-221, -685, 218
-247, -698, 146
-247, -698, 146
-268, -706, 146
-235, -632, 118
-146, -529, 84
-41, -420, 14
-35, -486, -9
-64, -604, -95
-27, -612, -105
33, -552, -34
33, -552, -34
122, -498, 19
180, -501, 67
201, -534, -1
237, -518, 6
237, -518, 103
279, -509, 103
280, -518, 217
271, -548, 270
381, -525, 279
516, -405, 169
565, -320, 107
528, -367, 147
416, -597, 335
416, -597, 335
435, -723, 435
489, -605, 331
495, -532, 374
462, -618, 417
455, -701, 613
447, -749, 740
485, -706, 555
485, -706, 555
566, -492, 584
543, -536, 568
424, -666, 613
409, -688, 617
385, -779, 632
325, -899, 736
314, -939, 856
314, -939, 856
382, -842, 926
397, -824, 964
271, -1018, 969
102, -1230, 986
57, -1256, 949
93, -1185, 850
134, -1119, 884
118, -1126, 1029
72, -1167, 1168
109, -1068, 1212
-,-,-
-39, -949, 644
-72, -1064, 576
-79, -1101, 540
-46, -1067, 701
-42, -1065, 711
-108, -1250, 716
-289, -1508, 773
-380, -1619, 727
-314, -1511, 693
-239, -1383, 727
-259, -1386, 788
-313, -1423, 757
-344, -1392, 707
-391, -1349, 697
-395, -1224, 677
-347, -1069, 592
-248, -864, 476
-293, -833, 417
-351, -847, 391
-356, -782, 305
-356, -782, 305
-239, -625, 211
-193, -573, 123
-196, -567, 68
-140, -513, 115
-95, -496, 70
-80, -545, -8
-38, -554, 16
40, -494, 18
40, -494, 18
133, -463, 23
139, -520, 51
150, -551, 56
141, -560, 79
141, -560, 79
142, -525, 42
152, -507, 35
90, -615, -14
51, -741, -32
51, -741, -32
92, -771, -64
180, -684, -97
280, -534, -17
370, -487, 110
417, -533, 202
376, -611, 216
376, -611, 216
352, -572, 190
360, -451, 234
333, -466, 319
285, -591, 252
305, -552, 180
381, -441, 234
393, -478, 320
393, -478, 320
403, -536, 382
418, -568, 494
466, -571, 635
535, -504, 550
518, -614, 658
363, -915, 894
274, -1122, 941
281, -1168, 1061
309, -1190, 1128
341, -1128, 1059
370, -1066, 1073
-,-,-
-143, -1301, 566
-126, -1300, 606
-137, -1386, 548
-195, -1494, 556
-259, -1539, 679
-309, -1573, 819
-349, -1553, 936
-330, -1438, 888
-367, -1365, 843
-397, -1330, 641
-366, -1207, 523
-330, -1071, 606
-355, -1012, 598
-438, -1004, 530
-385, -891, 491
-334, -770, 316
-326, -712, 228
-350, -695, 223
-326, -637, 166
-238, -546, 218
-181, -506, 228
-163, -521, 163
-175, -587, 91
-175, -587, 91
-133, -604, 41
-76, -602, 12
0, -531, -32
65, -449, -48
61, -506, -12
61, -506, -12
94, -514, -45
142, -468, -103
151, -456, -120
192, -410, -108
233, -412, -115
244, -513, -103
266, -559, -42
315, -559, 39
315, -559, 39
346, -543, 147
381, -553, 244
437, -607, 237
459, -632, 183
395, -687, 188
411, -609, 232
441, -525, 317
441, -525, 317
514, -501, 249
525, -514, 112
448, -614, 167
328, -705, 331
314, -696, 454
323, -677, 496
288, -756, 519
288, -756, 519
236, -796, 481
188, -895, 556
160, -1079, 787
-,-,-
17, -948, 501
-39, -1014, 489
-48, -1063, 535
-81, -1146, 548
-98, -1222, 481
-187, -1268, 531
-200, -1303, 576
-145, -1240, 647
-135, -1253, 671
-163, -1325, 790
-212, -1444, 764
-225, -1442, 653
-234, -1391, 631
-214, -1263, 627
-174, -1156, 666
-215, -1145, 651
-278, -1162, 587
-310, -1130, 533
-292, -1004, 461
-218, -818, 450
-179, -730, 430
-179, -730, 430
-179, -718, 349
-189, -711, 199
-193, -693, 104
-190, -670, 155
-126, -617, 149
-42, -518, 77
3, -486, 67
26, -504, 19
26, -504, 19
23, -571, -17
25, -645, -38
86, -568, -70
135, -526, -38
135, -526, -38
102, -608, -22
57, -677, -1
75, -649, 21
153, -577, -22
179, -598, -91
225, -611, -114
225, -611, -114
314, -557, -54
370, -526, -17
378, -552, 50
352, -639, 79
360, -658, 111
412, -564, 182
461, -452, 200
461, -452, 200
471, -487, 341
500, -590, 346
512, -572, 295
486, -543, 232
369, -714, 363
250, -891, 514
250, -853, 626
250, -853, 626
262, -727, 491
211, -691, 301
116, -847, 433
58, -1027, 566
67, -1104, 556
204, -963, 553
250, -967, 732
250, -967, 732
-,-,-
9, -1073, 472
-7, -1177, 464
6, -1204, 455
6, -1204, 455
11, -1302, 453
-76, -1447, 623
-141, -1550, 696
-140, -1529, 733
-162, -1494, 753
-258, -1559, 679
-289, -1522, 630
-312, -1439, 637
-345, -1359, 607
-354, -1207, 553
-295, -1029, 424
-241, -890, 357
-219, -823, 347
-243, -806, 259
-237, -780, 226
-219, -757, 200
-222, -737, 181
-222, -737, 181
-172, -654, 125
-131, -626, 135
-107, -629, 151
-66, -608, 155
-32, -644, 174
1, -644, 76
35, -615, 25
35, -615, 25
60, -615, 119
71, -608, 80
106, -560, 36
147, -513, 51
147, -513, 51
151, -558, 6
113, -614, -37
119, -565, -37
146, -481, 22
190, -435, 95
190, -435, 95
248, -412, 75
253, -481, -25
218, -554, -86
257, -504, 20
403, -383, 161
541, -258, 110
541, -258, 110
535, -245, 63
424, -435, 213
412, -536, 356
347, -703, 414
255, -811, 492
220, -915, 675
220, -915, 675
194, -1058, 680
193, -1090, 558
134, -1161, 662
93, -1267, 808
92, -1347, 773
155, -1276, 779
231, -1169, 882
306, -1184, 1022
-,-,-
84, -863, 595
52, -992, 557
21, -1146, 511
-51, -1286, 607
-97, -1379, 674
-97, -1382, 704
-68, -1342, 750
-63, -1349, 759
-84, -1384, 790
-155, -1439, 722
-257, -1478, 742
-338, -1417, 803
-325, -1417, 706
-325, -1278, 706
-277, -1090, 555
-247, -964, 498
-374, -1069, 344
-412, -1013, 256
-399, -890, 262
-396, -838, 183
-336, -742, 36
-285, -627, 2
-255, -630, -30
-235, -632, -41
-198, -617, 19
-179, -619, 27
-105, -545, 2
-105, -545, 2
-11, -491, -1
17, -551, 0
15, -600, -49
54, -555, -32
54, -555, -32
106, -531, 19
97, -611, -25
54, -695, -71
66, -675, -54
66, -675, -54
125, -546, -2
192, -465, 8
184, -543, -27
117, -670, -26
114, -618, 49
114, -618, 49
299, -400, 111
439, -346, 131
494, -442, 117
438, -604, 161
409, -680, 201
456, -682, 293
496, -684, 465
496, -684, 465
481, -663, 635
552, -622, 601
502, -697, 491
404, -847, 406
365, -881, 377
353, -867, 409
360, -838, 495
360, -838, 495
424, -845, 568
338, -951, 677
265, -1055, 677
238, -1145, 628
229, -1258, 676
242, -1328, 787
-,-,-
71, -943, 565
71, -943, 565
83, -1035, 592
66, -1035, 564
59, -1101, 616
-43, -1323, 701
-177, -1546, 716
-175, -1512, 722
-154, -1438, 677
-182, -1465, 746
-239, -1500, 744
-254, -1440, 684
-231, -1299, 658
-161, -1157, 609
-85, -1076, 455
-43, -957, 389
-74, -957, 463
-74, -957, 463
-192, -1101, 451
-213, -1087, 330
-164, -943, 320
-166, -878, 335
-224, -897, 265
-218, -828, 165
-156, -663, 112
-102, -534, 71
-138, -539, 3
-145, -538, -55
-86, -482, -80
-86, -482, -80
-35, -436, -92
-10, -439, -159
5, -500, -221
31, -543, -245
47, -594, -192
48, -648, -152
76, -637, -129
76, -637, -129
149, -546, -55
213, -524, 0
228, -513, -15
234, -522, -66
263, -509, -77
308, -505, -32
308, -505, -32
317, -506, 21
325, -494, 93
360, -475, 108
462, -462, 144
516, -492, 173
431, -633, 202
431, -633, 202
355, -705, 327
366, -692, 468
458, -705, 388
418, -776, 402
307, -944, 659
244, -1021, 711
266, -959, 644
328, -881, 601
328, -881, 601
397, -828, 650
404, -827, 673
373, -831, 769
358, -924, 791
365, -999, 752
365, -1047, 772
329, -1188, 902
324, -1318, 1047
-,-,-
69, -910, 504
59, -978, 484
49, -1069, 439
49, -1069, 439
-22, -1198, 454
-45, -1245, 496
-75, -1313, 622
-92, -1354, 664
-125, -1396, 614
-197, -1443, 660
-309, -1523, 657
-332, -1509, 570
-338, -1391, 563
-318, -1298, 538
-297, -1165, 448
-252, -1069, 360
-230, -1092, 297
-221, -1044, 354
-221, -1002, 497
-194, -952, 515
-175, -920, 489
-160, -856, 346
-124, -761, 432
-128, -762, 446
-145, -763, 248
-119, -741, 223
-119, -741, 223
-88, -676, 166
-78, -638, 121
-47, -629, 25
-24, -621, -35
23, -548, -67
40, -569, -60
40, -569, -60
34, -601, -38
76, -548, -50
127, -483, -94
151, -465, -161
121, -518, -134
101, -565, -64
137, -546, -117
174, -516, -173
174, -516, -173
205, -477, -107
211, -475, 65
254, -482, 135
288, -449, 41
293, -476, 199
297, -515, 325
441, -413, 219
441, -413, 219
568, -301, 205
482, -454, 350
283, -766, 460
253, -899, 496
389, -710, 540
475, -594, 520
304, -889, 690
304, -889, 690
157, -1116, 750
150, -1105, 834
224, -990, 963
238, -971, 913
138, -1159, 789
132, -1231, 968
166, -1236, 905
201, -1212, 827
184, -1226, 923
210, -1215, 980
245, -1184, 1002
-,-,-
26, -791, 555
103, -916, 505
47, -985, 484
46, -1066, 546
46, -1066, 546
53, -1139, 563
-2, -1345, 697
-46, -1444, 737
-77, -1509, 692
-136, -1537, 749
-237, -1614, 734
-269, -1493, 761
-239, -1331, 729
-278, -1287, 610
-335, -1253, 464
-336, -1192, 430
-336, -1119, 381
-269, -959, 347
-229, -892, 349
-226, -915, 334
-206, -896, 290
-173, -830, 220
-173, -830, 220
-125, -757, 211
-87, -739, 239
-95, -765, 189
-116, -785, 41
-144, -785, 26
-122, -720, 103
-68, -633, 153
-9, -558, 133
-9, -558, 133
10, -523, 27
39, -498, -142
58, -517, -215
59, -538, -128
78, -487, -119
136, -416, -100
136, -416, -100
173, -411, -127
143, -512, -192
81, -609, -146
106, -622, -24
201, -492, 32
278, -312, 72
325, -251, 69
325, -251, 69
352, -244, 136
347, -319, 161
313, -479, 196
268, -592, 329
268, -611, 450
334, -542, 603
392, -571, 585
392, -571, 585
293, -741, 564
244, -865, 591
260, -909, 605
272, -1034, 651
258, -1123, 672
352, -1128, 729
462, -1027, 776
517, -1011, 837
570, -1037, 949
519, -1087, 1065
484, -1122, 986
484, -1122, 986
-,-,-
-9, -1017, 564
7, -1056, 550
-16, -1138, 539
-118, -1315, 630
-229, -1525, 634
-274, -1650, 603
-323, -1657, 640
-420, -1634, 693
-462, -1576, 698
-469, -1499, 640
-439, -1398, 589
-403, -1278, 463
-398, -1173, 519
-369, -1082, 559
-325, -1009, 487
-267, -925, 387
-219, -848, 320
-213, -804, 326
-209, -842, 316
-209, -842, 316
-167, -744, 249
-160, -725, 250
-159, -706, 222
-120, -610, 162
-73, -540, 112
-41, -512, 23
-49, -540, -63
0, -489, -94
0, -489, -94
83, -428, -150
119, -403, -238
100, -441, -226
63, -528, -154
66, -609, -100
170, -526, -145
244, -431, -130
278, -432, -102
228, -563, -84
228, -563, -84
235, -576, 13
289, -431, 86
380, -253, 166
514, -196, 226
531, -272, 179
442, -345, 92
442, -345, 92
451, -321, 287
542, -305, 530
599, -340, 559
524, -508, 439
326, -807, 602
296, -917, 692
296, -917, 692
321, -927, 672
320, -872, 734
396, -769, 688
450, -799, 596
343, -1035, 712
375, -993, 696
366, -994, 682
400, -948, 904
400, -948, 904
369, -1016, 1082
348, -1118, 1070
349, -1111, 993
366, -1068, 989
394, -1099, 1035
-,-,-
-71, -864, 521
-19, -933, 439
-43, -1095, 330
-90, -1236, 420
-168, -1458, 637
-445, -1834, 735
-412, -1798, 677
-360, -1669, 643
-335, -1565, 727
-332, -1520, 748
-390, -1517, 684
-479, -1494, 598
-475, -1345, 552
-385, -1132, 463
-314, -982, 341
-311, -940, 279
-311, -940, 279
-324, -956, 228
-266, -853, 137
-198, -719, 102
-153, -634, 162
-157, -641, 155
-140, -604, 117
-75, -543, 79
-63, -570, 163
9, -543, 175
9, -543, 175
108, -442, 72
175, -386, 13
165, -445, -13
165, -462, -38
206, -469, 53
206, -469, 53
240, -444, 60
227, -460, -53
184, -486, -154
158, -465, -130
132, -431, -41
203, -447, 58
291, -450, -35
291, -450, -35
301, -419, -172
320, -395, -124
427, -342, 26
525, -297, 234
608, -272, 289
651, -322, 211
608, -457, 251
608, -457, 251
560, -567, 401
501, -676, 539
444, -775, 623
394, -868, 697
300, -1031, 668
216, -1124, 546
138, -1237, 577
135, -1260, 676
118, -1171, 707
110, -1172, 740
110, -1172, 740
111, -1175, 799
160, -1073, 674
244, -983, 557
-,-,-
69, -921, 492
133, -915, 528
99, -950, 465
34, -1138, 490
-38, -1314, 486
-72, -1447, 629
-72, -1447, 629
-170, -1564, 765
-263, -1692, 770
-358, -1804, 694
-363, -1710, 682
-274, -1495, 687
-242, -1357, 608
-266, -1319, 540
-227, -1197, 477
-153, -1018, 416
-102, -897, 453
-79, -840, 471
-125, -860, 369
-146, -861, 280
-136, -796, 207
-131, -752, 211
-140, -749, 212
-130, -700, 115
-113, -646, 95
-103, -704, 141
-103, -704, 141
-86, -717, 110
-25, -620, -11
12, -574, -89
12, -668, -74
-2, -787, -62
24, -741, -46
24, -741, -46
90, -627, -8
123, -608, 6
149, -599, 24
191, -534, 31
191, -534, 31
234, -480, 24
260, -443, -22
282, -428, -52
337, -452, -49
360, -395, -45
355, -391, 50
355, -391, 50
384, -426, 115
421, -427, 177
462, -382, 101
402, -430, 96
382, -459, 215
434, -510, 315
434, -510, 315
467, -524, 258
416, -539, 171
349, -612, 295
345, -712, 464
306, -793, 554
295, -804, 614
278, -813, 627
278, -813, 627
350, -765, 582
329, -784, 759
393, -748, 829
327, -928, 882
323, -1006, 1056
363, -1005, 1192
446, -1017, 1316
-,-,-
-26, -1009, 461
5, -1057, 461
-23, -1174, 429
-71, -1288, 513
-94, -1344, 588
-150, -1412, 675
-198, -1510, 700
-173, -1475, 548
-182, -1484, 552
-220, -1483, 604
-226, -1435, 589
-221, -1365, 518
-199, -1244, 504
-155, -1124, 454
-155, -1124, 454
-122, -1015, 430
-120, -951, 421
-163, -960, 399
-168, -931, 290
-146, -883, 230
-125, -840, 207
-113, -803, 158
-141, -810, 135
-162, -842, 112
-137, -827, 103
-114, -788, 68
-79, -725, 19
-27, -702, 74
-27, -702, 74
-13, -714, 14
-21, -720, -98
14, -676, -105
62, -623, -66
104, -593, -62
104, -593, -62
141, -591, 10
154, -578, -25
164, -604, -132
178, -580, -119
227, -524, -61
279, -474, -43
283, -498, -54
253, -532, -33
253, -532, -33
276, -518, 65
352, -429, 88
386, -426, 57
345, -485, -25
355, -442, -51
478, -380, 53
478, -380, 53
524, -432, 138
447, -542, 128
355, -650, 250
387, -667, 389
414, -644, 510
358, -735, 610
358, -735, 610
305, -765, 687
343, -783, 772
292, -957, 676
284, -942, 583
317, -839, 621
429, -799, 734
427, -820, 916
427, -820, 916
370, -946, 967
391, -929, 896
379, -914, 827
408, -905, 820
-,-,-
88, -921, 517
107, -925, 574
131, -996, 573
73, -1242, 600
5, -1399, 561
-27, -1480, 633
-27, -1480, 633
-76, -1557, 740
-126, -1587, 749
-207, -1655, 696
-261, -1601, 664
-298, -1499, 718
-278, -1373, 629
-244, -1242, 526
-242, -1128, 469
-258, -1076, 435
-256, -1032, 415
-216, -933, 344
-194, -846, 284
-204, -805, 235
-229, -812, 164
-182, -729, 125
-129, -626, 103
-106, -564, 101
-124, -580, 58
-91, -591, 34
-91, -591, 34
-33, -557, 0
-2, -523, -32
16, -514, -6
39, -518, -76
39, -518, -76
52, -519, -193
44, -556, -241
48, -570, -177
109, -495, -90
197, -411, -11
264, -369, 2
264, -369, 2
272, -409, 18
278, -470, 88
294, -457, 57
345, -410, 10
345, -410, 10
401, -322, 72
425, -357, 158
411, -470, 211
402, -646, 198
400, -732, 250
366, -749, 280
403, -736, 450
403, -736, 450
483, -772, 539
610, -726, 503
583, -769, 594
436, -936, 642
332, -1104, 666
298, -1164, 721
373, -1036, 701
434, -965, 687
434, -965, 687
399, -1028, 711
328, -1050, 791
290, -1061, 802
297, -1057, 661
325, -979, 630
318, -936, 695
-,-,-
51, -918, 583
68, -975, 615
45, -1064, 513
45, -1064, 513
51, -1093, 569
61, -1106, 631
-9, -1251, 724
-7, -1373, 739
-22, -1432, 572
0, -1384, 702
42, -1290, 770
42, -1290, 828
-63, -1426, 828
-158, -1482, 726
-254, -1427, 663
-339, -1350, 577
-368, -1287, 501
-386, -1163, 498
-393, -1029, 402
-384, -915, 293
-332, -872, 251
-225, -704, 351
-154, -636, 345
-155, -691, 296
-155, -784, 167
-120, -792, 118
-56, -746, 221
-53, -778, 294
-64, -822, 186
-64, -822, 186
-32, -795, 124
0, -697, 17
43, -630, -51
83, -625, 6
83, -625, 6
118, -576, 31
142, -573, 29
137, -610, -12
154, -595, -76
154, -595, -76
211, -528, -39
266, -488, -5
301, -477, 3
288, -531, 22
286, -554, 18
286, -554, 18
312, -538, 3
333, -501, 0
368, -461, 96
408, -405, 123
429, -449, 103
429, -449, 103
436, -500, 63
423, -547, 37
436, -548, 180
448, -566, 274
414, -639, 356
422, -720, 387
422, -720, 387
443, -731, 424
411, -777, 484
383, -783, 495
388, -775, 427
407, -740, 394
429, -708, 430
417, -736, 515
417, -736, 515
334, -861, 701
306, -853, 762
282, -853, 707
292, -927, 751
286, -1005, 920
243, -1158, 937
216, -1291, 1058
197, -1305, 1174
-,-,-
24, -1065, 455
81, -1116, 434
81, -1116, 434
51, -1195, 570
-43, -1404, 636
-89, -1534, 570
-164, -1645, 655
-184, -1615, 731
-215, -1568, 755
-250, -1553, 733
-250, -1471, 610
-277, -1391, 530
-288, -1295, 522
-267, -1153, 476
-237, -1063, 410
-229, -960, 376
-228, -880, 256
-293, -874, 249
-359, -847, 269
-262, -711, 142
-178, -604, 142
-178, -604, 142
-156, -581, -11
-220, -706, -65
-253, -716, -71
-219, -614, -88
-166, -571, 64
-156, -585, 95
-145, -603, 58
-54, -554, -43
10, -481, -94
10, -481, -94
20, -449, -65
41, -485, -10
91, -557, 32
114, -556, -98
119, -509, -181
126, -518, -70
126, -518, -70
93, -569, -29
123, -568, 27
196, -542, 49
376, -434, 79
534, -311, 63
534, -311, 63
495, -279, 51
460, -312, 107
448, -378, 217
383, -465, 279
376, -536, 343
556, -543, 488
556, -543, 488
768, -469, 410
592, -703, 475
400, -1057, 656
378, -1265, 631
324, -1297, 619
475, -1114, 388
548, -1067, 479
638, -1120, 546
597, -1098, 546
557, -1064, 624
524, -1090, 624
524, -1090, 624
511, -1125, 566
-,-,-
-2, -866, 582
-67, -1008, 608
-97, -1171, 450
-148, -1276, 393
-214, -1445, 613
-285, -1542, 803
-246, -1559, 812
-273, -1637, 740
-334, -1645, 709
-343, -1528, 814
-333, -1450, 809
-354, -1418, 667
-393, -1374, 549
-340, -1204, 530
-269, -1046, 530
-247, -959, 463
-203, -854, 405
-177, -782, 393
-197, -812, 325
-211, -802, 275
-162, -676, 233
-162, -676, 233
-89, -539, 176
-60, -501, 125
-28, -501, 25
-33, -538, -75
-25, -525, -124
-12, -512, -126
8, -524, -98
8, -524, -98
-5, -558, -194
-10, -592, -191
14, -547, -125
70, -523, -73
72, -527, -89
149, -491, -169
149, -491, -169
188, -435, -218
200, -493, -130
220, -546, 11
296, -516, 32
325, -492, -13
297, -577, 52
280, -609, 102
327, -630, 134
327, -630, 134
368, -638, 78
357, -694, 122
362, -722, 297
403, -677, 418
389, -720, 429
330, -779, 375
330, -779, 375
361, -700, 428
392, -737, 429
353, -863, 473
300, -963, 503
322, -954, 519
346, -927, 556
390, -857, 552
390, -857, 552
314, -886, 630
257, -1005, 639
222, -1053, 772
-,-,-
152, -945, 583
209, -1003, 534
181, -1131, 572
79, -1290, 643
79, -1290, 643
-101, -1497, 744
-308, -1735, 910
-399, -1828, 882
-379, -1663, 750
-360, -1501, 702
-351, -1355, 674
-355, -1228, 595
-328, -1148, 472
-284, -992, 379
-262, -916, 377
-260, -909, 286
-270, -908, 267
-223, -802, 396
-124, -665, 320
-114, -662, 235
-120, -649, 194
-100, -582, 93
-84, -579, 100
-84, -579, 100
-122, -708, 181
-132, -772, 157
-69, -694, 78
-18, -626, 1
-9, -642, 0
-9, -642, 0
0, -686, 32
24, -703, 18
36, -702, 13
36, -702, 13
52, -651, 12
115, -590, 26
114, -644, -12
94, -659, -57
94, -659, -57
112, -627, -15
156, -625, -32
185, -596, -91
240, -522, -11
277, -516, 66
296, -541, 21
296, -541, 21
298, -581, 8
325, -502, 68
400, -399, 250
492, -407, 248
414, -616, 189
414, -616, 189
313, -750, 133
312, -750, 252
416, -688, 468
463, -661, 479
462, -747, 457
326, -948, 457
274, -1072, 586
264, -1060, 489
264, -1060, 489
331, -920, 547
395, -815, 542
337, -960, 544
235, -1141, 551
190, -1136, 652
206, -1045, 737
230, -986, 721
254, -987, 633
231, -977, 592
231, -977, 592
213, -998, 630
171, -1146, 687
139, -1285, 745
148, -1411, 980
-,-,-
-34, -878, 548
-34, -878, 548
-14, -964, 521
-56, -1050, 412
-25, -1127, 272
-92, -1294, 477
-210, -1555, 689
-290, -1618, 760
-233, -1606, 603
-285, -1641, 501
-354, -1664, 528
-357, -1518, 592
-329, -1347, 657
-275, -1192, 594
-259, -1109, 485
-208, -958, 436
-146, -784, 358
-161, -822, 339
-228, -899, 286
-279, -886, 240
-206, -766, 181
-113, -637, 21
-113, -637, 21
-89, -633, -29
-87, -683, 31
-126, -743, 25
-135, -744, 2
-113, -657, -23
-68, -604, -40
-68, -604, -40
-28, -618, -32
-37, -640, -95
-68, -695, -150
-54, -672, -126
27, -572, -105
117, -491, -68
124, -540, -103
115, -629, -159
121, -625, -105
175, -540, -35
175, -540, -35
294, -496, 38
368, -446, 38
353, -415, -33
343, -403, -43
354, -409, -7
383, -383, 67
383, -383, 67
391, -390, 125
352, -419, 189
343, -518, 255
393, -577, 316
418, -526, 269
380, -518, 312
380, -518, 312
292, -656, 440
349, -724, 419
385, -754, 482
369, -775, 530
408, -830, 742
386, -946, 847
380, -1069, 846
380, -1069, 846
314, -1137, 960
343, -1087, 1138
348, -1140, 1035
346, -1165, 1121
319, -1250, 1204
297, -1360, 1226
-,-,-
134, -980, 596
117, -1079, 630
97, -1160, 551
69, -1186, 539
69, -1186, 539
20, -1226, 635
-58, -1269, 709
-109, -1404, 810
-171, -1457, 772
-208, -1500, 638
-251, -1500, 654
-306, -1478, 705
-319, -1371, 627
-270, -1190, 541
-229, -1069, 460
-244, -997, 411
-233, -926, 275
-190, -817, 257
-175, -768, 278
-188, -800, 268
-198, -860, 223
-199, -859, 220
-227, -874, 243
-283, -935, 199
-283, -935, 199
-284, -920, 117
-241, -823, 124
-223, -800, 112
-262, -836, 81
-281, -842, 88
-253, -805, 22
-140, -681, -54
-43, -581, -50
-38, -603, -70
-47, -676, -111
-47, -676, -111
-7, -668, -86
42, -584, -6
102, -472, 30
140, -387, 13
192, -328, -64
192, -328, -64
232, -294, -116
290, -281, -135
302, -316, -69
272, -374, 48
293, -413, 145
403, -413, 147
488, -441, 159
479, -555, 227
479, -555, 227
449, -683, 371
471, -710, 489
486, -746, 485
510, -810, 414
549, -824, 401
506, -915, 504
435, -1000, 577
458, -972, 592
458, -972, 592
504, -910, 541
520, -830, 451
460, -791, 476
442, -785, 430
411, -881, 422
368, -948, 543
350, -927, 784
350, -927, 784
303, -989, 882
230, -1140, 768
163, -1308, 710
-,-,-
71, -1060, 575
103, -1052, 571
76, -1099, 521
55, -1191, 487
19, -1295, 554
-66, -1427, 658
-66, -1427, 658
-134, -1536, 707
-97, -1438, 720
-73, -1369, 704
-154, -1432, 605
-255, -1515, 541
-326, -1552, 501
-302, -1429, 508
-195, -1193, 541
-120, -1070, 476
-115, -1006, 413
-135, -992, 400
-160, -962, 359
-207, -928, 244
-182, -780, 205
-139, -670, 238
-168, -658, 183
-165, -587, 103
-115, -491, 50
-76, -452, 8
-76, -452, 8
-13, -439, -66
57, -392, -128
148, -286, -185
179, -352, -179
111, -561, -191
57, -682, -134
118, -622, -53
118, -622, -53
196, -539, -51
230, -514, -83
214, -591, -22
237, -625, 87
273, -574, 89
304, -522, 59
304, -522, 59
283, -548, 114
306, -566, 133
371, -552, 130
408, -505, 110
398, -479, 112
420, -504, 213
420, -504, 213
485, -539, 313
525, -560, 271
526, -547, 286
502, -588, 371
481, -640, 507
436, -734, 555
345, -866, 540
298, -947, 592
298, -947, 592
352, -864, 645
436, -760, 613
417, -835, 517
240, -1051, 551
141, -1166, 575
227, -1074, 743
193, -1183, 781
131, -1307, 733
57, -1320, 767
57, -1320, 767
106, -1301, 754
129, -1210, 692
158, -1154, 755
-,-,-
-205, -1037, 455
-178, -1099, 328
-176, -1187, 304
-170, -1241, 279
-163, -1276, 401
-190, -1347, 544
-250, -1461, 537
-239, -1493, 510
-213, -1471, 550
-213, -1471, 550
-255, -1465, 567
-259, -1425, 605
-257, -1417, 485
-240, -1270, 483
-251, -1232, 488
-271, -1204, 387
-246, -1141, 366
-228, -1060, 458
-225, -1006, 390
-220, -953, 388
-251, -949, 319
-245, -871, 273
-231, -799, 333
-195, -729, 303
-138, -658, 145
-117, -639, 70
-109, -601, 120
-45, -461, 121
16, -418, 96
16, -418, 96
19, -476, -31
32, -475, -145
61, -429, -174
80, -423, -180
94, -429, -132
134, -424, -49
134, -424, -49
176, -410, -119
193, -417, -206
178, -418, -135
231, -417, 88
265, -432, 119
277, -475, 48
273, -472, 99
273, -472, 99
301, -436, 256
389, -397, 281
535, -291, 305
631, -139, 380
611, -189, 499
548, -381, 599
548, -381, 599
455, -533, 607
345, -710, 573
327, -812, 674
363, -809, 823
407, -802, 790
318, -915, 818
208, -1217, 928
212, -1323, 1092
224, -1368, 1116
256, -1381, 1271
234, -1374, 1473
-,-,-
12, -1036, 601
12, -1036, 601
-5, -1247, 478
-137, -1520, 584
-245, -1671, 812
-277, -1674, 751
-293, -1581, 774
-284, -1491, 790
-393, -1534, 761
-503, -1543, 733
-516, -1468, 672
-556, -1322, 578
-533, -1192, 468
-496, -1044, 484
-406, -862, 481
-402, -818, 385
-453, -843, 320
-490, -797, 292
-426, -676, 240
-313, -453, 198
-276, -407, 127
-292, -467, 21
-292, -467, 21
-321, -543, 38
-333, -631, 123
-285, -614, 9
-193, -510, 16
-65, -421, 44
-39, -475, -23
-29, -507, -28
-29, -507, -28
25, -480, 93
136, -414, 185
246, -282, 23
316, -261, -31
368, -356, -1
368, -356, -1
462, -303, -27
586, -153, -1
646, -105, 61
645, -196, 205
617, -369, 260
602, -417, 260
602, -417, 260
555, -508, 251
587, -621, 115
621, -648, 187
502, -760, 474
448, -770, 434
391, -754, 306
325, -856, 373
325, -856, 373
205, -1004, 366
246, -992, 462
354, -889, 521
369, -895, 657
327, -987, 616
296, -1043, 824
224, -1244, 908
206, -1334, 926
198, -1355, 1087
170, -1370, 1258
144, -1393, 1245
144, -1397, 1165
157, -1344, 1132
-,-,-
-4, -1035, 436
-4, -1035, 436
24, -1067, 448
-78, -1272, 627
-151, -1446, 637
-166, -1397, 501
-174, -1396, 652
-245, -1491, 789
-316, -1551, 690
-328, -1504, 609
-343, -1447, 581
-378, -1375, 639
-349, -1261, 568
-323, -1170, 515
-303, -1062, 493
-327, -1026, 429
-349, -939, 366
-378, -903, 349
-389, -872, 322
-328, -740, 258
-307, -645, 195
-332, -656, 170
-352, -702, 109
-354, -725, 64
-354, -725, 64
-307, -695, 87
-241, -643, 114
-203, -638, 117
-155, -602, 143
-134, -617, 102
-119, -658, 20
-69, -590, 17
-4, -479, 36
-4, -479, 36
20, -454, -61
67, -453, -154
125, -454, -157
198, -367, -115
323, -205, -49
434, -120, 0
434, -120, 0
472, -203, 46
411, -312, 113
356, -401, 135
304, -554, 241
353, -504, 283
353, -504, 283
379, -336, 255
458, -208, 194
454, -290, 319
420, -511, 495
314, -721, 502
245, -815, 534
287, -686, 598
287, -686, 598
338, -705, 558
213, -933, 770
117, -1212, 1056
-16, -1500, 1322
-138, -1758, 1276
-231, -1773, 1514
-257, -1742, 1422
-,-,-
-363, -836, 896
-407, -1101, 749
-383, -1210, 695
-360, -1160, 643
-270, -1136, 850
-249, -1252, 860
-271, -1462, 784
-287, -1645, 909
-342, -1782, 892
-467, -1936, 933
-543, -1961, 846
-499, -1772, 783
-503, -1615, 866
-433, -1367, 796
-280, -1021, 663
-184, -797, 521
-161, -729, 415
-150, -680, 261
-153, -650, 239
-195, -612, 353
-209, -609, 413
-305, -699, 317
-318, -645, 127
-306, -504, -6
-306, -504, -6
-252, -442, -46
-195, -467, -101
-110, -417, -127
-46, -370, -114
-20, -425, -149
-45, -546, -124
4, -553, 8
68, -499, 14
124, -499, 17
124, -418, 17
170, -327, 28
215, -269, 39
242, -316, -35
320, -331, -94
433, -218, -69
433, -218, -69
639, -102, 54
622, -314, 151
500, -559, 233
428, -731, 341
500, -719, 459
547, -552, 500
550, -563, 432
550, -563, 432
297, -896, 546
168, -1200, 463
214, -1096, 332
506, -601, 301
459, -680, 405
205, -1095, 433
112, -1339, 628
98, -1342, 827
43, -1368, 832
43, -1368, 832
-1, -1545, 980
-56, -1708, 1114
9, -1645, 1196
87, -1517, 1381
-,-,-
-168, -1218, 552
-96, -1271, 553
-18, -1271, 747
-126, -1443, 889
-262, -1678, 786
-377, -1747, 686
-412, -1630, 820
-432, -1517, 823
-386, -1351, 700
-355, -1198, 489
-355, -1198, 489
-363, -1071, 376
-357, -1023, 346
-342, -979, 317
-317, -895, 319
-292, -798, 384
-234, -654, 313
-216, -654, 149
-211, -718, 222
-180, -662, 268
-151, -625, 256
-116, -592, 234
-173, -725, 175
-199, -793, 104
-181, -749, 109
-103, -637, 76
-55, -565, -33
-55, -565, -33
-11, -578, -42
2, -592, -59
17, -557, -125
68, -524, -184
136, -447, -180
219, -318, -156
286, -298, -125
286, -298, -125
262, -425, -135
259, -546, -90
264, -578, 31
261, -579, 106
310, -512, 78
370, -494, 22
354, -601, -6
354, -601, -6
272, -763, 101
269, -781, 238
319, -691, 330
350, -619, 280
296, -667, 224
278, -762, 231
278, -762, 231
273, -835, 347
210, -915, 347
185, -870, 358
158, -844, 498
130, -904, 527
59, -1050, 651
34, -1181, 711
34, -1181, 711
26, -1220, 783
43, -1198, 858
29, -1181, 993
-,-,-
-229, -784, 547
-196, -733, 669
-247, -929, 842
-342, -1235, 734
-314, -1292, 667
-273, -1192, 737
-202, -1246, 759
-200, -1365, 729
-168, -1390, 724
-168, -1369, 728
-163, -1388, 728
-132, -1291, 674
-139, -1318, 646
-172, -1308, 619
-173, -1259, 609
-112, -1079, 561
-120, -1033, 452
-168, -1081, 427
-173, -1063, 452
-193, -1056, 405
-191, -1008, 387
-165, -931, 366
-168, -916, 374
-221, -998, 381
-229, -982, 353
-199, -905, 398
-181, -844, 413
-182, -854, 305
-154, -813, 221
-154, -813, 221
-138, -755, 208
-184, -759, 232
-196, -741, 170
-187, -714, 63
-183, -679, -65
-163, -614, -106
-114, -515, -83
-90, -490, -129
-67, -518, -242
-23, -549, -242
90, -469, -253
183, -365, -211
276, -343, -191
276, -343, -191
266, -413, -202
252, -434, -127
304, -399, -70
330, -421, -17
381, -458, -34
360, -447, -52
348, -482, 40
284, -558, 73
284, -558, 73
221, -644, 110
185, -732, 126
210, -744, 130
234, -718, 203
310, -673, 298
323, -665, 373
323, -665, 373
352, -760, 449
331, -985, 427
394, -1174, 569
380, -1248, 771
412, -1234, 837
409, -1321, 795
301, -1467, 924
272, -1544, 925
234, -1536, 934
282, -1389, 909
-,-,-
-26, -1045, 494
3, -1340, 584
3, -1340, 584
145, -1494, 403
181, -1485, 402
129, -1557, 677
-19, -1762, 731
-82, -1755, 572
-35, -1540, 493
-72, -1343, 620
-160, -1287, 697
-239, -1255, 571
-259, -1156, 489
-285, -1031, 444
-330, -999, 369
-381, -987, 295
-402, -974, 272
-402, -974, 272
-383, -942, 305
-364, -895, 275
-295, -745, 296
-249, -639, 222
-245, -667, 131
-264, -747, 70
-254, -699, 65
-234, -643, 99
-259, -658, 42
-248, -646, -23
-253, -610, -110
-211, -577, -127
-211, -577, -127
-167, -528, -34
-108, -508, -73
-65, -478, -232
-18, -431, -279
43, -363, -235
92, -290, -146
153, -298, -193
192, -327, -254
250, -427, -94
262, -487, -30
256, -481, -128
333, -367, -108
333, -367, -108
529, -286, -42
677, -422, 101
600, -705, 148
534, -882, 66
556, -856, 104
663, -728, 283
762, -768, 435
762, -768, 435
736, -919, 377
659, -982, 288
598, -879, 330
565, -791, 357
532, -892, 390
467, -1018, 404
427, -1021, 392
370, -1102, 501
285, -1369, 603
285, -1369, 603
209, -1622, 631
-,-,-
129, -1111, 501
118, -1277, 402
131, -1328, 453
91, -1493, 629
40, -1600, 556
40, -1600, 556
98, -1502, 569
139, -1416, 646
50, -1544, 643
-42, -1600, 570
-42, -1430, 573
-37, -1256, 664
-79, -1194, 555
-76, -1089, 407
-117, -962, 359
-193, -950, 367
-253, -958, 326
-253, -958, 326
-255, -884, 215
-208, -760, 149
-156, -699, 151
-137, -665, 107
-122, -661, 71
-132, -673, 3
-94, -619, 0
-34, -575, 35
-34, -575, 35
5, -552, 18
36, -528, -8
29, -531, -106
42, -509, -198
42, -509, -198
42, -509, -193
86, -476, -170
124, -446, -151
162, -386, -160
196, -377, -219
227, -427, -215
214, -480, -146
208, -518, -71
250, -513, -30
289, -512, -8
289, -512, -8
283, -565, 34
307, -634, -37
358, -614, -79
394, -611, -24
389, -708, 216
389, -708, 216
429, -718, 290
474, -726, 179
533, -760, 234
457, -854, 442
368, -963, 571
312, -1112, 527
301, -1100, 433
310, -944, 470
310, -944, 470
289, -936, 513
192, -1094, 469
103, -1198, 526
115, -1189, 480
186, -1196, 528
153, -1292, 756
